0000000000000000000000
0000000001100011000000
0000000001100101110000
0000000000000100001000
0000000001111011001000
0000000001001010101100
0000000000001010101000
0000000000000110101000
0000000000000000010000
0000000000000000000000
0001100000000000000000
0000100000001100000000
0000101000001100000000
0000011000000000000000
0000000000000000000000
0000000000000000000000
0000000000000000000000
0000000000000000000000
0000000000000000000000
0000000000000000000000
0000000000000001100000
0000001100000001000000
0000010100000000111000
0000000100000000001000
0000000000000000000000